14 4
   6.0000000000000000e+00  -5.2534399999999994e+00  -2.5202885714285719e+00   0.0000000000000000e+00
   6.0000000000000000e+00  -2.7212099999999992e+00  -2.5202885714285719e+00   0.0000000000000000e+00
   1.0000000000000000e+00  -6.2927899999999992e+00  -7.2007857142857179e-01   0.0000000000000000e+00
   1.0000000000000000e+00  -6.2927899999999992e+00  -4.3204985714285717e+00   0.0000000000000000e+00
   1.0000000000000000e+00  -1.6818599999999995e+00  -4.3204985714285717e+00   0.0000000000000000e+00
   6.0000000000000000e+00  -1.2661199999999995e+00   1.4285714282635809e-06   0.0000000000000000e+00
   1.0000000000000000e+00  -2.3054699999999992e+00   1.8002114285714281e+00   0.0000000000000000e+00
   6.0000000000000000e+00   1.2661200000000008e+00   1.4285714282635809e-06   0.0000000000000000e+00
   1.0000000000000000e+00   2.3054700000000006e+00  -1.8002085714285718e+00   0.0000000000000000e+00
   6.0000000000000000e+00   2.7212100000000001e+00   2.5202914285714284e+00   0.0000000000000000e+00
   1.0000000000000000e+00   1.6818600000000004e+00   4.3204914285714278e+00   0.0000000000000000e+00
   6.0000000000000000e+00   5.2534400000000012e+00   2.5202914285714284e+00   0.0000000000000000e+00
   1.0000000000000000e+00   6.2927900000000001e+00   7.2008142857142809e-01   0.0000000000000000e+00
   1.0000000000000000e+00   6.2927900000000001e+00   4.3204914285714278e+00   0.0000000000000000e+00

