14 4
   6.0000000000000000e+00  -1.2661150000000001e+00   0.0000000000000000e+00   0.0000000000000000e+00
   6.0000000000000000e+00   1.2661150000000001e+00   0.0000000000000000e+00   0.0000000000000000e+00
   1.0000000000000000e+00  -2.3054649999999999e+00   1.8002100000000001e+00   0.0000000000000000e+00
   1.0000000000000000e+00  -2.3054649999999999e+00  -1.8002100000000001e+00   0.0000000000000000e+00
   1.0000000000000000e+00   2.3054649999999999e+00  -1.8002100000000001e+00   0.0000000000000000e+00
   6.0000000000000000e+00   2.7212049999999999e+00   2.5202900000000001e+00   0.0000000000000000e+00
   1.0000000000000000e+00   4.7999049999999999e+00   2.5202900000000001e+00   0.0000000000000000e+00
   6.0000000000000000e+00   1.4550950000000000e+00   4.7132699999999996e+00   0.0000000000000000e+00
   1.0000000000000000e+00   2.4944449999999998e+00   6.5134699999999999e+00   0.0000000000000000e+00
   6.0000000000000000e+00  -1.4550850000000002e+00   4.7132699999999996e+00   0.0000000000000000e+00
   1.0000000000000000e+00  -2.4944350000000002e+00   6.5134699999999999e+00   0.0000000000000000e+00
   6.0000000000000000e+00  -2.7212050000000003e+00   2.5202900000000001e+00   0.0000000000000000e+00
   1.0000000000000000e+00  -4.7999050000000008e+00   2.5202900000000001e+00   0.0000000000000000e+00
   1.0000000000000000e+00  -1.6818550000000001e+00   7.2008000000000005e-01   0.0000000000000000e+00

